3	337
4	339
5	414
8	419
41	428
41	454
43	303
46	303
48	303
49	183
53	337
91	367
93	248
95	305
110	367
112	305
121	358
137	309
138	350
202	426
203	350
208	326
217	555
225	328
236	363
237	361
237	420
238	363
246	319
248	228
250	422
256	300
260	373
261	203
268	427
269	427
271	363
271	367
272	367
272	369
274	427
275	427
277	363
278	284
281	365
283	367
284	365
297	350
297	365
299	203
300	203
301	310
303	337
307	203
308	209
311	209
313	341
314	352
342	350
345	424
349	358
350	358
355	406
358	350
358	365
361	358
366	358
368	358
376	243
377	290
380	257
387	295
387	300
387	301
387	526
392	303
400	532
401	183
404	358
405	252
405	357
405	358
407	541
409	271
418	337
420	308
444	305
448	337
449	430
460	284
460	512
462	341
464	364
464	386
464	387
464	393
464	404
464	551
469	425
470	198
484	368
485	290
485	415
493	305
530	305
530	310
560	488
576	355
576	358
576	541
580	506
580	507
585	421
587	284
605	281
605	305
605	310
605	504
605	506
605	507
605	550
610	386
618	374
625	370
629	350
630	396
633	396
634	386
635	386
635	387
635	397
635	404
636	281
646	281
646	305
646	310
646	550
648	322
649	284
652	244
652	283
653	213
676	432
684	245
692	363
706	305
707	306
764	305
773	367
775	284
775	427
788	185
788	198
788	213
795	265
803	284
804	346
806	303
808	367
809	241
810	215
811	215
815	442
816	442
817	441
820	425
838	363
841	272
842	423
847	422
857	354
858	185
858	198
859	372
864	427
872	390
892	225
910	198
914	358
914	541
926	472
932	305
941	376
942	376
948	327
955	330
960	365
963	192
1001	427
1004	358
1014	310
1014	500
1020	337
1020	414
1025	245
1037	350
1045	284
1050	183
1050	203
1050	290
1077	367
1098	430
1117	397
1141	371
1142	365
1143	358
1144	330
1152	378
1162	378
1167	448
1170	376
1187	373
1189	446
1209	252
1209	260
1209	358
1210	303
1214	260
1217	361
1219	313
1221	470
1222	308
1222	471
1223	286
1224	182
1224	476
1225	489
1229	305
1232	277
1232	354
1233	271
1234	228
1238	425
1265	422
1269	475
1276	266
1276	459
1278	477
1279	478
1289	479
1293	482
1305	483
1307	201
1319	194
1320	190
1322	287
1324	487
1361	421
1369	284
1388	303
1396	545
1399	310
1405	317
1407	252
1432	368
1438	226
1441	361
1447	461
1459	422
1461	378
1464	457
1478	310
1479	367
1486	190
1486	194
1498	305
1500	361
1500	463
1514	462
1515	378
1519	464
1524	411
1529	463
1531	379
1531	380
1532	305
1533	305
1538	441
1545	361
1547	379
1551	462
1570	317
1572	265
1575	313
1576	313
1577	245
1583	284
1584	312
1584	450
1588	313
1597	363
1599	363
1600	284
1603	378
1604	378
1609	367
1610	271
1617	406
1627	284
1669	367
1670	252
1671	350
1673	467
1674	473
1690	223
1693	209
1695	290
1697	383
1701	468
1704	379
1707	432
1708	305
1712	281
1716	338
1716	352
1716	472
1717	472
1732	397
1733	422
1736	378
1737	262
1738	471
1738	475
1759	450
1761	378
1765	321
1781	313
1782	473
1783	226
1783	484
1784	473
1789	397
1790	408
1797	485
1799	361
1803	326
1807	408
1809	358
1813	199
1813	203
1820	281
1822	281
1826	363
1827	199
1838	468
1842	441
1853	481
1855	267
1871	305
1872	248
1872	367
1877	512
1879	363
1880	473
1890	488
1891	272
1894	462
1899	387
1901	358
1906	450
1913	430
1915	301
1916	354
1917	371
1919	203
1923	472
1926	498
1927	425
1928	493
1929	203
1943	310
1970	225
1972	239
1985	305
2020	358
2020	541
2049	239
2050	500
2050	504
2050	506
2113	428
2114	281
2114	305
2114	507
2146	358
2149	203
2159	350
2161	406
2168	392
2170	290
2173	306
2174	183
2176	363
2179	322
2182	391
2182	512
2182	514
2184	426
2184	464
2187	387
2189	376
2190	319
2197	230
2200	337
2201	512
2201	514
2202	335
2204	426
2209	346
2214	321
2218	432
2219	252
2219	356
2219	358
2222	183
2223	472
2224	363
2228	369
2230	367
2231	209
2239	363
2240	284
2241	415
2245	295
2246	329
2246	333
2246	528
2249	506
2252	385
2262	390
2262	516
2271	263
2273	322
2279	240
2282	525
2287	366
2288	185
2288	192
2292	390
2296	505
2297	209
2300	317
2301	295
2303	422
2304	450
2305	446
2307	308
2307	471
2309	310
2312	209
2313	271
2314	450
2319	408
2320	527
2321	475
2322	209
2326	337
2327	337
2333	429
2336	367
2339	528
2341	346
2341	426
2341	527
2344	319
2349	527
2353	427
2354	365
2357	363
2359	363
2360	306
2361	310
2362	441
2363	371
2364	252
2365	357
2365	463
2366	459
2367	425
2369	473
2370	306
2372	515
2372	516
2374	303
2375	382
2376	369
2377	363
2384	470
2384	515
2385	306
2387	527
2388	337
2390	186
2390	276
2391	327
2396	252
2397	185
2397	198
2398	516
2400	414
2404	350
2407	183
2408	529
2409	471
2409	488
2410	363
2411	377
2413	183
2415	530
2416	308
2427	446
2431	225
2432	209
2440	504
2442	425
2443	350
2443	353
2449	305
2454	366
2456	215
2458	326
2461	363
2462	377
2462	457
2463	318
2464	532
2512	422
2514	290
2519	341
2520	347
2521	385
2522	411
2523	350
2524	422
2524	505
2527	281
2527	305
2527	505
2529	363
2529	367
2530	411
2530	465
2535	358
2536	290
2569	358
2577	461
2579	306
2587	183
2587	290
2587	293
2587	415
2589	337
2590	427
2590	516
2591	425
2596	425
2603	425
2604	303
2605	453
2606	319
2608	426
2612	284
2614	306
2618	225
2620	198
2620	533
2622	472
2623	242
2624	457
2625	290
2626	209
2627	313
2628	537
2629	457
2636	221
2637	341
2646	365
2647	534
2651	363
2655	385
2663	441
2665	535
2666	376
2666	472
2667	376
2667	472
2673	303
2675	221
2676	221
2676	312
2676	319
2676	450
2689	471
2689	489
2695	284
2695	515
2697	358
2703	341
2708	322
2708	326
2711	385
2713	341
2716	350
2718	341
2720	352
2722	357
2723	330
2724	307
2725	184
2731	312
2732	305
2732	327
2733	488
2734	209
2734	428
2735	425
2736	357
2737	508
2741	507
2744	529
2749	386
2769	203
2783	462
2784	350
2786	357
2788	358
2790	281
2792	281
2795	387
2796	225
2798	305
2808	472
2809	304
2810	304
2811	304
2813	225
2813	432
2814	482
2816	387
2816	393
2816	395
2818	305
2819	281
2819	305
2821	411
2823	337
2823	419
2824	337
2825	225
2826	209
2826	366
2827	209
2827	368
2827	370
2828	542
2829	329
2830	482
2832	515
2833	305
2834	245
2836	305
2837	392
2838	337
2838	414
2839	488
2840	358
2840	541
2841	541
2845	408
2848	364
2849	395
2858	395
2864	544
2876	310
2885	486
2886	363
2895	425
2895	484
2901	367
2904	287
2904	422
2904	505
2907	305
2907	327
2909	185
2909	198
2909	213
2909	533
2910	416
2916	455
2921	252
2923	185
2923	192
2923	213
2923	533
2924	515
2924	516
2925	416
2928	416
2929	427
2929	515
2930	305
2934	379
2935	336
2938	406
2945	305
2946	305
2959	234
2959	245
2967	543
2968	545
2973	322
2973	550
2974	422
2988	352
2988	472
2991	457
2991	538
2998	350
3003	393
3004	473
3006	263
3010	377
3012	506
3022	446
3030	546
3041	492
3047	422
3048	234
3048	245
3049	317
3055	306
3062	422
3076	422
3077	209
3085	352
3088	363
3088	367
3096	505
3098	267
3098	281
3100	461
3115	357
3132	452
3149	308
3151	555
3156	393
3157	350
3159	339
3162	209
3163	338
3163	352
3163	376
3165	209
3169	271
3187	533
3211	234
3213	493
3222	225
3222	234
3222	432
3228	546
3236	515
3237	183
3237	290
3241	225
3241	234
3242	225
3242	234
3242	245
3242	422
3242	560
3243	263
3250	185
3253	317
3255	184
3277	432
3292	455
3331	252
3334	425
3339	300
3343	287
3343	422
3343	505
3351	373
3352	460
3353	425
3359	427
3363	273
3365	303
3374	341
3389	308
3389	471
3389	489
3389	494
3390	236
3393	293
3408	494
3413	375
3414	323
3416	191
3418	416
3419	357
3419	358
3419	361
3419	463
3419	541
3420	329
3420	333
3420	335
3420	608
3421	259
3422	309
3423	317
3430	281
3433	363
3433	367
3443	385
3443	545
3445	305
3457	560
3462	313
3466	377
3482	350
3482	385
3486	493
3500	199
3523	305
3535	290
3537	341
3542	346
3549	488
3554	281
3555	380
3561	337
3561	339
3561	351
3561	414
3561	472
3562	350
3563	351
3587	287
3587	422
3590	318
3601	329
3605	385
3607	430
3608	366
3610	266
3614	432
3618	293
3623	326
3625	464
3626	321
3627	321
3628	357
3634	281
3635	450
3645	427
3646	535
3647	305
3652	579
3662	363
3668	404
3668	551
3674	236
3674	533
3682	366
3685	312
3686	537
3690	456
3693	459
3706	444
3709	472
3714	192
3714	213
3714	533
3715	325
3715	545
3730	450
3735	369
3737	367
3739	486
3745	327
3746	327
3750	221
3754	530
3757	422
3763	225
3765	536
3780	363
3781	427
3842	209
3850	426
3861	209
3872	387
3872	395
3872	411
3875	425
3875	539
3906	191
3906	350
3970	358
3978	541
3981	576
3985	486
3994	303
4002	379
4011	329
4012	551
4018	535
4022	555
4024	363
4024	379
4025	367
4026	425
4030	468
4030	469
4032	337
4038	471
4041	581
4052	432
4053	259
4053	330
4077	326
4079	560
4080	427
4090	408
4093	290
4099	363
4100	547
4101	272
4102	272
4104	357
4109	270
4114	337
4116	540
4119	515
4119	516
4120	580
4122	272
4123	272
4126	432
4156	363
4162	533
4165	305
4166	341
4186	581
4188	585
4189	290
4190	425
4191	363
4191	367
4193	317
4194	363
4202	358
4203	322
4204	303
4208	369
4212	284
4212	427
4212	515
4213	378
4213	584
4214	408
4214	551
4215	461
4219	185
4219	213
4219	533
4220	426
4222	183
4222	203
4223	429
4224	310
4225	350
4225	385
4227	422
4228	444
4230	378
4231	358
4231	541
4232	271
4232	303
4238	365
4240	415
4247	385
4247	545
4249	303
4251	310
4257	206
4257	290
4258	563
4260	585
4261	585
4262	585
4263	576
4268	305
4271	271
4271	427
4274	310
4276	533
4277	341
4280	430
4282	185
4282	336
4283	322
4283	326
4286	337
4289	455
4292	341
4293	341
4295	608
4301	422
4301	582
4308	365
4322	608
4339	363
4345	307
4346	577
4349	281
4349	305
4349	310
4349	550
4352	351
4355	561
4359	380
4362	529
4363	267
4364	192
4365	515
4365	516
4367	363
4367	367
4368	305
4376	427
4380	627
4382	536
4386	337
4388	307
4406	367
4412	363
4417	271
4442	452
4446	363
4466	473
4481	461
4489	310
4493	515
4495	284
4495	515
4499	535
4500	610
4502	303
4528	312
4535	425
4544	493
4546	363
4559	489
4569	303
4569	427
4571	284
4571	536
4572	303
4573	303
4574	422
4585	369
4595	385
4596	363
4597	363
4602	429
4602	580
4603	272
4604	351
4606	363
4608	390
4609	559
4639	350
4662	203
4663	379
4667	425
4667	539
4668	539
4680	537
4681	515
4682	306
4683	427
4684	512
4702	484
4709	284
4714	350
4715	225
4715	245
4717	197
4717	256
4727	192
4727	362
4727	533
4729	273
4729	457
4729	538
4731	422
4737	310
4737	543
4741	562
4742	306
4743	271
4746	306
4746	534
4747	378
4747	473
4748	471
4748	488
4748	489
4759	432
4767	537
4769	365
4770	629
4771	385
4790	327
4807	535
4822	363
4825	313
4831	185
4836	478
4844	267
4855	422
4856	579
4863	422
4867	429
4872	367
4883	446
4883	452
4883	473
4883	577
4900	379
4903	422
4904	546
4918	427
4934	350
4980	580
4986	199
5014	341
5022	428
5028	305
5033	351
5046	305
5047	427
5063	225
5070	335
5072	335
5085	376
5085	448
5087	308
5089	580
5092	313
5098	367
5103	532
5116	391
5122	351
5129	185
5156	335
5165	422
5165	505
5166	290
5166	456
5167	396
5167	397
5167	413
5168	456
5174	252
5179	537
5183	369
5184	295
5184	301
5184	526
5191	518
5197	425
5213	550
5217	535
5218	427
5222	516
5225	225
5225	432
5226	350
5226	385
5230	185
5230	192
5230	533
5237	322
5244	225
5253	347
5253	349
5255	346
5255	527
5264	459
5278	647
5279	648
5287	358
5287	541
5291	506
5291	550
5292	506
5293	363
5295	414
5306	422
5310	273
5327	259
5329	467
5329	555
5330	363
5331	363
5331	367
5337	385
5338	480
5359	234
5362	281
5363	363
5376	488
5386	363
5389	515
5393	346
5397	267
5402	385
5404	312
5405	484
5411	430
5419	688
5422	632
5427	324
5427	325
5437	357
5437	541
5452	446
5452	452
5460	425
5461	581
5463	515
5466	446
5475	425
5483	225
5483	432
5490	354
5495	486
5495	609
5503	669
5504	512
5508	330
5515	473
5518	361
5520	608
5521	303
5526	543
5532	459
5536	303
5566	290
5567	508
5569	507
5573	363
5575	432
5578	532
5597	303
5597	427
5599	609
5624	330
5630	303
5637	183
5637	549
5642	466
5656	461
5665	669
5666	423
5671	461
5672	272
5676	363
5681	363
5683	281
5696	532
5702	432
5703	422
5708	532
5710	533
5728	305
5728	310
5752	346
5758	688
5767	688
5769	192
5771	422
5771	580
5780	428
5787	367
5788	422
5792	248
5792	367
5794	492
5797	432
5798	199
5800	351
5800	432
5801	425
5801	581
5803	322
5803	326
5804	209
5805	366
5806	225
5806	432
5808	225
5820	353
5824	271
5824	515
5834	526
5842	377
5849	377
5849	546
5851	350
5851	353
5853	184
5853	708
5854	281
5854	310
5898	727
5900	269
5915	184
5915	255
5915	537
5915	667
5917	184
5934	542
5936	322
5938	506
5940	525
5941	462
5943	267
5943	442
5945	209
5946	432
5947	455
5948	425
5950	198
5950	213
5950	250
5950	533
5952	236
5952	336
5953	547
5954	577
5956	452
5957	430
5960	368
5961	303
5962	461
5963	366
5963	428
5970	303
5975	422
5992	422
5992	580
5995	234
5998	536
6003	317
6014	422
6024	377
6026	341
6029	550
6034	375
6034	426
6034	464
6034	527
6037	530
6044	306
6044	425
6044	581
6046	532
6055	352
6055	455
6061	515
6069	577
6074	322
6076	330
6081	532
6092	577
6112	236
6112	533
6113	425
6114	535
6130	390
6130	515
6147	189
6169	488
6191	540
6195	378
6243	303
6244	422
6249	209
6251	363
6252	312
6254	376
6255	284
6255	515
6265	427
6279	245
6289	456
6309	432
6313	506
